0.000000000000000000e+00
1.189018487930297852e+00
2.581278800964355469e+00
4.183032512664794922e+00
5.316010475158691406e+00
6.072865009307861328e+00
6.594801425933837891e+00
7.274094581604003906e+00
7.479440212249755859e+00
7.556685447692871094e+00
8.390111923217773438e+00
9.817834854125976562e+00
1.114062690734863281e+01
1.267887115478515625e+01
1.454777908325195312e+01
1.535645580291748047e+01
1.670865249633789062e+01
1.786708068847656250e+01
1.934638214111328125e+01
1.994781875610351562e+01
2.054801940917968750e+01
2.084597206115722656e+01
2.080002021789550781e+01
2.278600120544433594e+01
2.277059555053710938e+01
2.290150451660156250e+01
2.343108558654785156e+01
2.193454360961914062e+01
2.062390708923339844e+01
1.857670783996582031e+01
1.710269165039062500e+01
1.659016418457031250e+01
1.645252609252929688e+01
1.607251167297363281e+01
1.692700767517089844e+01
1.708432006835937500e+01
1.718654251098632812e+01
1.797194671630859375e+01
1.936232566833496094e+01
2.109350776672363281e+01
2.402194595336914062e+01
2.655852699279785156e+01
2.765902328491210938e+01
2.851705551147460938e+01
2.839010620117187500e+01
2.660133552551269531e+01
2.550210952758789062e+01
2.384523391723632812e+01
2.222644233703613281e+01
2.273724174499511719e+01
2.166501235961914062e+01
2.214831161499023438e+01
2.115977668762207031e+01
2.323907279968261719e+01
2.378228950500488281e+01
2.368547630310058594e+01
2.392752075195312500e+01
2.411187553405761719e+01
2.529875373840332031e+01
2.687096786499023438e+01
2.587738227844238281e+01
2.655013656616210938e+01
2.739467430114746094e+01
2.635614967346191406e+01
2.706776046752929688e+01
2.696880531311035156e+01
2.756081581115722656e+01
2.709849548339843750e+01
2.783240509033203125e+01
2.823830986022949219e+01
2.815456962585449219e+01
